((357 330 -388 -446 -427 -74 -10 -94 -318 -95
  -390 -349 -470 -407)
 (336 -308 204 40 -316 -24 469 424 63 -290 -430
  -311 -62 -279)
 (215 -43 -183 173 -179 -201 -24 377 -270 -215
  121 76 -115 3)
 (16 -414 -475 -500 -117 -319 -436 477 -421 90
  -284 110 339 114)
 (-350 337 -316 204 -272 -397 439 202 -135 90
  165 -266 -414 -414)
 (-195 170 -5 -364 -48 -283 -252 -391 261 317
  281 15 263 122)
 (-63 296 -146 -176 56 291 -75 142 432 480 418
  373 272 -402)
 (240 17 475 -42 -253 -228 58 -4 93 483 -25 419
  167 -310)
 (150 363 -348 -62 48 320 -328 298 258 130 471
  -284 -190 -47)
 (-10 277 186 21 -91 -490 -282 -432 -39 427 228
  230 -476 -429)
 (477 -497 -342 -138 459 70 -187 86 -88 -247
  467 197 -308 -152)
 (159 72 74 115 -304 452 44 79 335 441 -80 -477
  -400 -219)
 (204 -394 250 -283 68 -275 45 -56 211 -33 401
  470 -135 -473)
 (430 347 229 72 254 -454 -75 -151 120 272 252
  -185 -364 -165)
 (345 341 -444 240 483 -486 -296 -436 120 472
  -80 287 -494 290)
 (175 225 -379 -244 335 387 -475 217 311 199
  289 156 199 167))