((-56 479 270 248 -320 218 -367 369 -381 342
 -158 488 -163 -350)
 (302 282 171 -77 425 115 58 345 -8 -155 249
  -410 -411 162)
 (-187 304 433 -437 -385 94 -368 481 429 -223
  65 410 -29 -173)
 (396 -318 -296 -157 73 468 285 -130 -64 312
  207 -227 -375 135)
 (331 -93 -479 47 -200 -492 126 -43 421 425 342
  196 84 -262)
 (117 44 171 -449 432 363 -40 -85 326 368 -15
  -480 -223 154)
 (79 279 254 424 -468 63 -45 95 330 -92 295 430
  -440 -364)
 (16 -383 38 134 402 187 -420 -125 113 446 -472
  -394 -353 -396)
 (-144 -478 -68 -426 -46 119 -384 76 -412 251
  282 329 -315 -133)
 (200 -352 -399 -10 -438 155 255 -143 59 75 415
  -213 -134 442)
 (-402 468 85 -31 140 352 -154 -289 -377 -421
  378 397 -2 -209)
 (481 -245 454 284 -262 -338 217 -452 267 -28
  -454 471 -80 9)
 (-382 363 -33 -319 -435 217 268 -198 73 -49
  140 -444 468 490)
 (-252 -337 161 -477 -171 -152 -122 120 -7 -173
  -85 23 210 -391)
 (126 306 -213 73 -26 352 -52 -153 217 206 358
  -290 378 288)
 (102 283 -215 226 427 309 383 29 -127 223 447
  -297 -192 245))