((-283 198 -466 -120 486 51 -294 -452 -219 -432
  364 -313 -185 -413)
 (225 -128 -13 -431 409 -159 41 -2 18 -80 -311
  -269 -355 285)
 (-207 64 31 7 -403 -208 395 -109 395 -479 -370
  459 377 -249)
 (-26 129 -281 -215 36 -480 158 -190 -452 -252
  -181 108 -254 39)
 (28 -123 -474 440 -350 -443 -169 98 167 -372
  -478 -488 31 -300)
 (336 -46 107 91 -424 -302 -257 -138 -498 402
  -92 -497 -131 -102)
 (98 18 -6 -369 368 -411 277 68 -359 69 -471 94
  -338 149)
 (-150 -500 -276 -237 -289 -400 44 -418 376 306
  -436 28 134 390)
 (334 188 -399 -483 -473 -345 -102 -276 415
  -471 -262 300 225 461)
 (-349 154 -301 -322 -448 -275 256 -487 -249
  -350 -226 -10 -167 176)
 (494 315 361 -145 -420 410 -154 91 -359 -336
  -280 -352 -155 -491)
 (340 -261 259 15 -2 -45 117 86 409 460 12 -156
  -170 -395)
 (101 268 126 -74 -414 -221 -432 -380 410 -478
  379 427 -181 -270)
 (-433 -356 419 236 -192 -496 158 -111 -500 -80
  233 -316 33 66)
 (475 -166 457 287 -303 418 241 -125 67 240 -55
  492 -368 -243)
 (-321 -92 -211 24 -218 -474 149 -205 480 -106
  -57 -65 -167 -429)
 (-488 -266 95 -115 -468 -124 -222 -450 -62 434
  307 451 -328 -157)
 (424 382 210 190 292 199 340 57 -352 91 207
  126 -391 367)
 (-110 88 -445 -178 -430 -456 38 36 227 3 42
  343 178 -341)
 (347 102 -342 -141 50 -348 197 -224 95 139 138
  383 114 -267)
 (272 -324 -191 -473 -28 -31 -121 344 -392 305
  263 -244 343 -271)
 (230 374 -416 -59 -335 -357 62 -117 -134 474
  170 5 282 3)
 (-414 229 271 -226 -120 -271 484 -375 481 299
  314 -451 177 -414)
 (1 -390 -234 -361 499 37 485 414 448 338 149
  -354 432 161)
 (458 240 -473 36 341 410 70 298 473 139 -454
  -226 -358 -8)
 (130 -150 -422 386 90 -401 -460 -119 -318 422
  149 455 254 333)
 (-417 -181 -171 257 103 459 -328 -135 162 49
  115 371 -396 -297)
 (410 -478 379 427 -181 -270 -228 -419 282 -51
  69 126 -184 -397)
 (-123 154 249 -321 296 -422 -220 -22 -297 7
  355 403 -358 -152)
 (-455 -74 -286 -322 -227 -287 69 416 292 126
  -121 -287 25 201)
 (-208 449 -228 -225 -203 411 -335 -82 66 -98
  188 185 -154 -22)
 (347 -354 -190 41 73 -177 -241 -82 191 154
  -430 474 258 -295))