((-226 382 301 34 255 -374 229 478 -205 148 291
  56 355 -215 -214 -478)
 (-94 19 244 157 -1 -443 -260 -132 -254 -106
  -15 -328 164 -310 -408 -130)
 (477 318 -259 -163 9 -358 -101 116 214 -302 0
  -98 359 -278 -410 11)
 (57 409 99 -405 -441 -67 -245 55 150 363 -348
  -62 48 320 -328 298)
 (71 212 -110 25 -243 194 -127 392 254 -498
  -137 -88 389 -204 96 -118)
 (-294 -254 277 -182 -404 -364 -325 5 -213 54
  -258 -306 62 -282 -248 -378)
 (-438 -60 243 -22 -373 20 264 -359 174 -462
  302 -121 -76 -148 -277 -443)
 (251 488 -2 -360 -261 -382 110 -27 265 165 80
  455 172 253 -256 -358)
 (-114 120 178 -429 -481 -324 184 365 158 -325
  13 281 475 -418 456 -268)
 (243 342 -330 -227 -11 30 -88 270 382 -440 314
  -304 206 -156 78 -484)
 (413 -481 285 39 -44 -272 -453 -270 213 446
  313 315 188 -332 -220 436)
 (-5 417 10 -355 -238 -294 431 -214 -11 157 447
  412 156 493 -346 -414)
 (499 -99 262 43 -267 -272 -497 -115 -171 -20
  -150 408 -111 -494 428 -344)
 (127 -407 276 -94 -313 -255 -112 -417 -301 410
  120 -22 -48 -153 -191 4)
 (311 -141 -10 -443 -469 -479 -140 221 78 229
  -77 332 226 181 237 294)
 (-130 440 -183 -167 -95 -249 -14 -295 489 -170
  -36 390 276 81 -475 434))